-0.7496298157423651
-0.7849092416527479
-0.7593003073272179
-0.7545862171863482
-0.7590732512990491
-0.7339670941455992
-0.7618611739123559
-0.7762480103708089
-0.7419462394053324
-0.7662355045752619
-0.732907178234142
-0.7707026750808342
-0.7888142915992546
-0.7259135044148051
-0.7734728350189634
-0.7553143283868675
-0.7922535332574621
-0.7698386158249002
-0.7799682562570075
-0.766564453408814
-0.7624357851562414
-0.7155141198709222
-0.7494168138723358
-0.7696290046350048
-0.7603555182144592
-0.7585876216102182
-0.7566028239036813
-0.7579799817224879
-0.7731725258821419
-0.7441378651308367
-0.765405229360947
-0.771768361607743
-0.7559783010155653
-0.7676186566236718
-0.7571359051643443
-0.7301389042824153
-0.707433146818953
-0.7448538456165181
-0.7606668973427622
-0.7486809039902841
-0.7288827486769731
-0.779823927394401
-0.8086931599017939
-0.7938601844116887
-0.7545661976708258
-0.7850219653741893
-0.7455815328849713
-0.8122784196606381
-0.7781723602103631
-0.7856838455925986
-0.791727936578733
-0.806371265075873
-0.7865605083575955
-0.7610584525908044
-0.7663333702508903
-0.7622444569297669
-0.7408112206661499
-0.7644020497786147
-0.7584940012301016
-0.7998849334154103
-0.7556651047249989
-0.7158309348290784
-0.7374921208303589
-0.7594350374106202
-0.7720009386443989
-0.7453876813782336
-0.7622414838184386
-0.737292631906705
-0.7301469594301311
-0.7330661060858633
-0.714494044007559
-0.7317597952843142
-0.7494407769789734
-0.7170800281805898
-0.7513763143993513
-0.7758395062599563
-0.7742083626080718
-0.733823583926868
-0.7777077939051288
-0.717380644618664
-0.6956293459950483
-0.7520488684203009
-0.7770034874457988
-0.7422920341341877
-0.746144958917997
-0.749019989787211
-0.7691004553813219
-0.7846753009732311
-0.8090264008239837
-0.7665818150675867
-0.758778374952369
-0.7915024010756698
-0.7348654265251496
-0.7324343228204102
-0.7780592731867528
-0.7866075996793853
-0.8145872135009042
-0.748177727989053
-0.7421457545274478
-0.7422868826246692
-0.7585885766496934
-0.76289971933237
-0.7691761770817658
-0.7731314562238101
-0.7435395571924543
-0.7730854534138303
-0.742798764657155
-0.762858539271559
-0.7258969562148263
-0.743476715257722
-0.7589885217252361
-0.751321954120645
-0.7495499428219252
-0.7757162268700946
-0.7416403068156582
-0.7675584724294132
-0.793954962491541
-0.7948950271098782
-0.723869474593329
-0.7349170499675897
-0.7221221622000774
-0.763896882078812
-0.7378760550737009
-0.711868102702395
-0.7091163362772527
-0.7626474381883209
-0.7570512992742526
-0.7917991481710995
-0.7311316292262924
-0.758973703420087
-0.7407483283419584
-0.7631460756411956
-0.7600680724853791
-0.7384907420656746
-0.7316634728121011
-0.7140198901001656
-0.7374994694780453
-0.7437570209448382
-0.7787475924481372
-0.8115396431378809
-0.7971015267972291
-0.7709765312713722
-0.804234701700999
-0.7891567905699345
-0.7575819583754796
-0.7514862694610988
-0.7672867114696954
-0.7586541257120426
-0.8049708279638891
-0.7208568287616621
-0.7665909907573923
-0.7360774224284745
-0.7450424316729688
-0.7603079142126877
-0.7551673561132918
-0.7767260770919177
-0.7694847156392053
-0.7678496807780965
-0.7714897900113521
-0.774729087165522
-0.7770094327345802
-0.7622239938773925
-0.7551607945843463
-0.7587283024701702
-0.7708347234279705
-0.7616663635272478
-0.7648732639183191
-0.759509914011836
-0.7244361934691826
-0.778863835250295
-0.7352263209048869
-0.7518612209445626
-0.7389927883155342
-0.7413939162856837
-0.7548432669925029
-0.7520655626657191
-0.7643373779647371
-0.7416410202101205
-0.7076208316046341
-0.7503197578547312
-0.7485280960510569
-0.7656812673067032
-0.7641647135276689
-0.7624770465798527
-0.7746700320734338
-0.7656296898233449
-0.7528920071143906
-0.7468254260927704
-0.7681373017382315
-0.7397911880375529
-0.7766424753090205
-0.7549012929358064
-0.7687341658044724
-0.7923591711643485
-0.7572806933525281
-0.7565349385045237
-0.7488946145491666
-0.7412478220836743
-0.7745831947689816
-0.7827988834706421
-0.7895402311162545
-0.7807839411301692
-0.7886294487392117
-0.7747705340713762
-0.8342215168147196
-0.77911366373605
-0.7692630098348188
-0.7612896917635232
-0.8345376137119921
-0.81658895400952
-0.7551687350414794
-0.7909080114027215
-0.7643227444952677
-0.7780999960888882
-0.7349975550360462
-0.7383660096296571
-0.7498147188544247
-0.7426068408858036
-0.7325632089941383
-0.7980803563204936
-0.7836002639017485
-0.7327357440907514
-0.7231260221118435
-0.7669230685278235
-0.7787146221099999
-0.7421481263392288
-0.7605746084650804
-0.7156106437376509
-0.7539832315731462
-0.753685312599464
-0.7386221109126687
-0.7590432121927518
-0.7551873884650062
-0.7564272393256258
-0.7545388049122669
-0.7739551567721794
-0.7672753908435236
-0.7817462546427489
-0.7348944489543694
-0.7593465190042731
-0.7658416641617339
-0.7479511887288476
-0.7375653146833643
-0.739077983609018
-0.7603965620551761
-0.7877172595524073
-0.7395508092482859
-0.704564472249368
-0.7446175383704026
-0.7267620955604951
-0.739986677481242
-0.7721720515795036
-0.7264693454580394
-0.7432241839262264
-0.7144474258662951
-0.6689811542257245
-0.7320049787289397
-0.7111059355917735
-0.7260035712700302
-0.76639307937225
-0.7464075898427255
-0.729752185786276
-0.7641378153852733
-0.6770162753174856
-0.7621916727799728
-0.7845078569741095
-0.7738571250588325
-0.7361885268195076
-0.6949412527188852
-0.793325971370814
-0.7467460238782284
-0.8038168748785255
-0.8076583957371288
-0.7744234208683733
-0.773979418175942
-0.7420923282762121
-0.7478150113597916
-0.7760037890519175
-0.7727171442852595
-0.726051195154919
-0.7428399752001797
-0.7362778124505264
-0.7606131315560489
-0.7251490093478274
-0.7497742981296514
-0.741460807556414
-0.7186462441005742
-0.7140018985445344
-0.7321048217298749
-0.7367595036468206
-0.7734010720192873
-0.7065389178284383
-0.7187286223535848
-0.710728124320698
-0.710040978583955
-0.6627797107966894
-0.7175621637764246
-0.7632242130359438
-0.7533530268437099
-0.7418781248727808
-0.7763031403337424
-0.7391345162569396
-0.7351690065094736
-0.7668081974614471
-0.7739987178411942
-0.7566977379792971
-0.7600519069221562
-0.776869122888597
-0.7451463152352873
-0.7189825813360516
-0.7534569745984148
-0.7527377081735257
-0.7898660668693001
-0.7331145389908968
-0.7583964272224992
-0.7752600319682511
-0.7962209449699056
-0.7637832843445956
-0.7730666269943264
-0.7784095654811997
-0.7371882432655563
-0.7767392283484734
-0.7185966487316787
-0.769325719312701
-0.7767567172754759
-0.7133823991921346
-0.7506131141602277
-0.7559275123784898
-0.7412752942354488
-0.7464432504805275
-0.7102910411456825
-0.7672977475992511
-0.7789116653459827
-0.7666068009113651
-0.7594101528071441
-0.7690530396575714
-0.7643494220490192
-0.7593021059955333
-0.7245198346370231
-0.7526002506057798
-0.7260266574986274
-0.733104551571637
-0.7509004693457235
-0.7505552410252649
-0.7516376004069257
-0.7752654563314806
-0.7384852921395534
-0.7352433666684304
-0.7688965863808469
-0.7563927556942002
-0.7419426904559382
-0.6962070858387253
-0.7324763873223213
-0.7902306765431761
-0.7832246234207471
-0.738702735441859
-0.7604771402854458
-0.733120764997489
-0.7845507648618001
-0.7756932481676165
-0.7464796478419475
-0.7406543229428425
-0.7220285651944881
-0.7740597907051815
-0.7331608628596419
-0.7327428452717327
-0.7625091362883147
-0.7716114054349766
-0.7820876992413209
-0.7903915692034387
-0.7500026265014051
-0.7718645956334153
-0.7244820983961795
-0.7272815673723545
-0.7818690484298664
-0.750204954486527
-0.7608059896295973
-0.7877924602114063
-0.7298264585787435
-0.7327470739841555
-0.7057497799059665
-0.6957970682214334
-0.6667946932461742
-0.6652987528311486
-0.6860843567144352
-0.6924960305456448
-0.6750712541088515
-0.7081834890430754
-0.7569208729212322
-0.7621962721941143
-0.7597294785110992
-0.7013666186261446
-0.755804104751406
-0.7694530394049449
-0.7357889931441225
-0.7986760345946828
-0.7639320732434361
-0.7390059007235216
-0.802065480129545
-0.778339634642
-0.7404241299127441
-0.7417192447940287
-0.7363069724224715
-0.7313261840278467
-0.7723739850425002
-0.7410222218394199
-0.7796375416806182
-0.7580494728670388
-0.7470927467590526
-0.7698447495717046
-0.7438558722812227
-0.7291109989161921
-0.7523666449470195
-0.7406306077814767
-0.7324488974195702
-0.7117761617542042
-0.7585131441501121
-0.734003895480029
-0.7512484788698602
-0.7785328671321479
-0.7498679438713145
-0.7854569977287988
-0.7718158870125342
-0.7433972486738281
-0.7618362946809298
-0.7525951321096934
-0.7759508520406679
-0.6998788524769946
-0.7806667478783248
-0.7924227312546835
-0.7544442226446474
-0.7397050804385368
-0.7767040101325766
-0.8066761511241947
-0.7665333281662895
-0.7878996590496119
-0.782083733977061
-0.7412199964969086
-0.7514995173905843
-0.7519466411825612
-0.7477758436240571
-0.7298450718607701
-0.7627863413958452
-0.758799726715226
-0.7698195098337249
-0.7810563042192151
-0.763874965058353
-0.7316254196277475
-0.7429508584733101
-0.7482715195941222
-0.7761545276815738
-0.7612231642523355
-0.8008959310951413
-0.7369097612875675
-0.7543378366505413
-0.7676936141927002
-0.7365113843995206
-0.7720785785973316
-0.7317519521353751
-0.6885777203909388
-0.7816142567255906
-0.80816568878176
-0.8001815697981103
-0.8199288023042407
-0.7566790224193747
-0.7483645476220152
-0.7769631430239714
-0.7939942573183396
-0.7684339503684757
-0.824647344074536
-0.7771741125429421
-0.7677216227889105
-0.7964298335958945
-0.7304561317551012
-0.7676895392356913
-0.7788086216673564
-0.7574425993104196
-0.7859165798564662
-0.7758662608469528
-0.774086561012247
-0.7572528825392516
-0.761680700210345
-0.7314591333097598
-0.7548838793414794
-0.7683341452711023
-0.7689751372235673
-0.7296727094785268
-0.747253821206749
-0.6861242219055519
-0.7129622151704893
-0.7038954861307929
-0.7189593919222038
-0.7030839517236671
-0.7243141130305727
-0.7266815051124086
-0.7438475914519953
-0.7164522158929867
-0.7019377323537582
-0.7612043858739078
-0.7813308102254574
-0.7698300192347765
-0.7572500523636969
-0.7702273412313624
-0.763668050133365
-0.735127064837668
-0.7554674780118713
-0.7139815354227416
-0.7399568276539411
-0.7565856527193974
-0.7412125567333239
-0.7654256499769124
-0.7612418257980866
-0.7451018003596331
-0.7229794180244331
-0.7202095046938722
-0.7265034932427709
-0.7365857597651243
-0.7743595459825943
-0.7569958968696014
-0.7496070756304611
-0.7600845819251323
-0.7478139463917676
-0.7640433265016612
-0.7649128034894374
-0.7221892773063477
-0.7336976198159976
-0.784986022879882
-0.7465501319420005
-0.7362828291619633
-0.760062084541633
-0.7747306140990985
-0.7758923438890715
-0.7509657398206143
-0.7338665518089899
-0.7309422556202704
-0.7483420662761233
-0.7346376820811905
-0.7518688389888631
-0.7254483885605968
-0.7617722695453206
-0.7654387062550576
-0.7371710565213604
-0.7569370415377079
-0.7491406537820376
-0.7223377612326499
-0.696150906870309
-0.7107737822226973
-0.7520081769364284
-0.7987394175743937
-0.7610578585905567
-0.769759749234478
-0.8063569393203863
-0.7790788507418435
-0.7856331621461095
-0.787120837476498
-0.7811905541189788
-0.7587370739282542
-0.7864957339124743
-0.7512255336583675
-0.741946953370622
-0.7538976586251122
-0.7635293427734887
-0.7539882581607996
-0.7314311893551
-0.7386539994647877
-0.731846383727393
-0.7889415855771222
-0.7812963895873262
-0.7403549866482104
-0.7573214222668334
-0.7027802365139351
-0.7514943205984322
-0.7377737755445609
-0.7457148481610405
-0.7695992672384985
-0.7396155772268405
-0.7414798352512506
-0.7574637466106954
-0.743579358285374
-0.7313989132111709
-0.7439704561552275
-0.7304350869797956
-0.7300159351382387
-0.7614359166778601
-0.7680377009383051
-0.7391955463561921
-0.7291377470489262
-0.7898705082410317
-0.7224567272608335
-0.7810811781231124
-0.7686341034700798
-0.7225912020611396
-0.7663076022782866
-0.7745677882193298
-0.8175930167670555
-0.7396454420894805
-0.7579774656899554
-0.7331312002832699
-0.7408039272966506
-0.7327556359471942
-0.7476096150247226
-0.7742247965355831
-0.7600573117936018
-0.7617038640117676
-0.7243158608028969
-0.7866538078009399
-0.7347575992188772
-0.736419586473176
-0.6852539469506886
-0.7176114733240718
-0.7372981298760984
-0.7178693091112134
-0.7393386028266515
-0.7272073929634597
-0.719766476816097
-0.7098906476990289
-0.7362623649984922
-0.7722360849851929
-0.7853608852866668
-0.7650586449314745
-0.704667153788474
-0.750362397974161
-0.7575029057672853
-0.7346978985717473
-0.6708872722991229
-0.7547049980553022
-0.7334673630614971
-0.7364125409962368
-0.7168090117962097
-0.729074024909186
-0.7435066327412966
-0.7054621545554767
-0.7578384587343947
-0.7635744136703064
-0.7621052098342483
-0.780509903022239
-0.7701729691122184
-0.8007083895154704
-0.7436010620927003
-0.7561388516301524
-0.7679833249911686
-0.7517642931492905
-0.7840395214004008
-0.7495083491200853
-0.7506787587152676
-0.7684978172792941
-0.7785465379237181
-0.7724717602243937
-0.7646520342663853
-0.7480103610617594
-0.7744760055953193
-0.739709534392747
-0.763811541691288
-0.7583141512697636
-0.7112325634550305
-0.7598076458742294
-0.7610281542577855
-0.765318659196666
-0.7554361483728588
-0.7806598731769925
-0.7273651549462168
-0.7702918102803585
-0.7705842523706559
-0.7754925270259564
-0.7243199265488907
-0.7738309417224891
-0.7628985482695705
-0.7736324892047018
-0.7820868333003619
-0.7337888697559845
-0.7600895866416507
-0.7718158839264343
-0.773019669715406
-0.7269590651513735
-0.7674586142680396
-0.7480573717584569
-0.7539037288962088
-0.7745356276148161
-0.7684412840780553
-0.7841105253431395
-0.7922631678103543
-0.7459730939877429
-0.7475378241272442
-0.7455944096177629
-0.7885448135914693
-0.7373277058605557
-0.7916845274121241
-0.7587083398845996
-0.7803588123896117
-0.7692891308057624
-0.7373714599798491
-0.7549070160401157
-0.75506057043555
-0.779232722972601
-0.7683449566576862
-0.7693525715990795
-0.7797785536540141
-0.7319108791945971
-0.689753335605005
-0.7402322979214058
-0.7134590345396502
-0.7318095436318618
-0.7261091415628891
-0.720297672237258
-0.7334428105040715
-0.74736850462187
-0.743847442142888
-0.7670233203899718
-0.788466126562173
-0.788818988815308
-0.7725749179996677
-0.769299265566345
-0.7510204362172672
-0.7824199626681555
-0.7735406250793257
-0.7616165070369878
-0.7416564483036379
-0.7706251212239874
-0.7780900955711817
-0.7330901568048556
-0.7355264210671781
-0.738611127507357
-0.7544069345014691
-0.7806068955392977
-0.7580956077130306
-0.7525316640651237
-0.7613683470811067
-0.7732921135609174
-0.754001990964183
-0.7814346523135823
-0.7966867694455092
-0.7661367973479406
-0.8142778910090258
-0.7656104177512314
-0.7312266756594437
-0.7712222944141838
-0.7774742212673924
-0.785535276129939
-0.7610731059715037
-0.7407408311833775
-0.7753769016167943
-0.8062103636072189
-0.7498150821020039
-0.7469434440072729
-0.8086520911422361
-0.7414499068011884
-0.775034594755217
-0.7491796836739661
-0.7665173395832601
-0.7456161272237553
-0.7233026929058812
-0.7706870743745923
-0.7293051108805001
-0.7828372337846399
-0.7427468276161839
-0.7752312604775439
-0.7434506799986802
-0.757592443910556
-0.7624901321581958
-0.7318653458708982
-0.7926192888595297
-0.7679610889985963
-0.7713322515575798
-0.7750840697731936
-0.7741408098339437
-0.7623921536528315
-0.7978052892846855
-0.7109370371519096
-0.7342506544818811
-0.7267764217563594
-0.7623100938359206
-0.7679373782404116
-0.7497811832323089
-0.7550133679964678
-0.762064712070153
-0.7322911957853356
-0.7344462672816954
-0.7884636271344097
-0.7494967284923625
-0.772853841518903
-0.7428755983771504
-0.7491314437163263
-0.7756410756729873
-0.7462415827822594
-0.7303685429810853
-0.7807891494629451
-0.7683902472538243
-0.7483906378465451
-0.7331836172395726
-0.7902616270582516
-0.803140474290543
-0.7503307352122984
-0.7467668150646524
-0.7637558122734078
-0.7662421344092014
-0.7453322428487472
-0.7561864267567351
-0.7493521159571657
-0.7119943711611314
-0.7676410669194268
-0.6962706400878304
-0.6795143485154599
-0.723721552145023
-0.7464215591442094
-0.7496777943377657
-0.7069425118663086
-0.7388213591825081
-0.7662134606465926
-0.7596782775460816
-0.754765458630276
-0.7699270568503735
-0.7673512406941866
-0.7590667496816126
-0.7420434209128877
-0.7430274851890081
-0.7310341608826748
-0.7342714944991512
-0.8285160958095298
-0.7476545873862427
-0.7509114698202283
-0.7607645560911726
-0.7305384911673556
-0.7621656464992062
-0.7496894088977515
-0.7451172268163797
-0.7934524971409909
-0.6952180730985839
-0.743854186402084
-0.7928643125056888
-0.780135037135842
-0.7691961071064395
-0.7640005509582064
-0.7488538258098196
-0.741712130207493
-0.7709447815957683
-0.7538379481530324
-0.7606695278215663
-0.7013840075039197
-0.7358474188262681
-0.7361281766013306
-0.698095321294726
-0.7473290520170388
-0.6902691400624881
-0.7561971447552864
-0.7030248551300757
-0.7262335531737355
-0.7100347172021876
-0.7522459627051324
-0.786610797155983
-0.7949695720038048
-0.7810498435731369
-0.7909963864569013
-0.7170578253778305
-0.7848855140998722
-0.7216398465133871
-0.7783160801598425
-0.7814309712822811
-0.7713592659141904
-0.7487742102958704
-0.733614337843856
-0.7431974501818783
-0.7529577657072172
-0.7290985987472979
-0.739993510206147
-0.7127995476727194
-0.7452488875926245
-0.7616948524430083
-0.8115717046647788
-0.7802370034991046
-0.7787091209744593
-0.7355969249089284
-0.7643842928603296
-0.7434702940733617
-0.771439238816661
-0.7833382270604267
-0.7449158343662179
-0.8011822905075753
-0.7613358754419178
-0.7236584727159154
-0.7830576145092168
-0.7231061663386545
-0.7610262371698088
-0.7668629203867737
-0.7586647698634734
-0.7313116591540847
-0.7689622489824324
-0.7414095840127677
-0.7596954788894267
-0.721808475156995
-0.7694760036663453
-0.7567652658296539
-0.6741692132109172
-0.7492005012850669
-0.7108704286394991
-0.7450733949976861
-0.6919931264002505
-0.7323999486738683
-0.7507607324644602
-0.7862271859030117
-0.7532940931007157
-0.7405061910350712
-0.7828424734779297
-0.7793719986319851
-0.7452698952587909
-0.7432082619326456
-0.7771163512993827
-0.7655044802353841
-0.774880220279471
-0.7438832068017128
-0.7583586164025984
-0.7305004267400886
-0.7220317322482863
-0.7306972991187233
-0.7067628055965161
-0.7255910385821712
-0.7468900020388147
-0.7724969573164315
-0.7782867359145959
-0.7040057121733598
-0.7365052283153978
-0.6891890511577501
-0.7405792285341817
-0.7222037504198073
-0.7118305983666583
-0.7295221133353444
-0.6852590982357099
-0.7052020981500133
-0.7658682569657086
-0.7590523715436931
-0.773878395658004
-0.7317621147712372
-0.7367823452361971
-0.71035485888141
-0.748777314552681
-0.7112824570989293
-0.7565892769899379
-0.7433936145189852
-0.7388463545334544
-0.7549022814281503
-0.7355981994660766
-0.7397513562982272
-0.7325441061760137
-0.7450738782810313
-0.7539910828558319
-0.728331790108438
-0.7437813984358073
-0.7296641138430507
-0.7413271688015775
-0.7777117674013201
-0.7299462351706855
-0.774311231418402
-0.7665419711686934
-0.7686126840744855
-0.7321979768455822
-0.7652263471562439
-0.8024640664305919
-0.7637886214769675
-0.7450147854919182
-0.7813404633663271
-0.7560264531155849
-0.7639073765775255
-0.7722228910365274
-0.7586784526565775
-0.7491556978727962
-0.7683439541686299
-0.754303551166722
-0.7668624296963721
-0.8117670160264646
-0.8113034051127775
-0.7523006121646238
-0.7517352235827586
-0.7719027468254964
-0.7999529789235161
-0.7501269490802857
-0.7624496430600064
-0.7607628014199949
-0.7677064727658588
-0.8230577976998665
-0.7178401275298564
-0.7613039611605594
-0.6954090096144701
-0.7693056726530735
-0.6713156386018384
-0.7370117676151793
-0.7144287397440093
-0.7190668923250687
-0.7555991519289517
-0.7417016763871438
-0.7036676832290467
-0.6900920058305009
-0.6881643770041516
-0.7338871949740264
-0.7075491385687741
-0.7292759479274636
-0.6880548958441101
-0.74635039426468
-0.7977228942176537
-0.7819678005663373
-0.7689462872333723
-0.7807648918913831
-0.7507778912890799
-0.7661877490329585
-0.7456044839988397
-0.7585642830806074
-0.7774558985511258
-0.7555883578097417
-0.7733742041352509
-0.751068703796512
-0.7207700616360785
-0.7552657462372715
-0.6839956093378371
-0.7039586385474851
-0.7230511702098161
-0.7123265079440669
-0.648387974664155
-0.7274109607035071
-0.7221097873065168
-0.7681470268713462
-0.707556023627864
-0.7297561740559956
-0.7428279412962421
-0.7397268390480867
-0.7474511483042562
-0.7581148735104846
-0.74051331015248
-0.7544859917312263
-0.7646258586066577
-0.7671520471254872
-0.7394604153428622
-0.7477977430736011
-0.7161333680265601
-0.7456464292624205
-0.7333059769775474
-0.7393683391101205
-0.7640154465653662
-0.7442500825279446
-0.7794438427177039
-0.7618600568145379
-0.7600545744894414
-0.7778165391796216
-0.7385949438639176
-0.7444353923727351
-0.7614269716265072
-0.766791358315402
-0.7430825111568173
-0.7803044509204923
-0.718379483920545
-0.6771529706079359
-0.7242352482656564
-0.7102210756756878
-0.6793645425035139
-0.7142981550282729
-0.7083039519418098
-0.7267581711719009
-0.7212123183771564
-0.7074575001086477
-0.7796006931233653
-0.7912239441576814
-0.7906099294049197
-0.7802069399150314
-0.7661097727194959
-0.7423791166416299
-0.8128042905591816
-0.779112356467164
-0.74443104892804
-0.7343721509069663
-0.7383395629859726
-0.7093288809408663
-0.7366914591963741
-0.7040810210386909
-0.6911751507590101
-0.693025671480679
-0.6927305759614553
-0.6821494668020895
-0.707604379133193
-0.6604725557828758
-0.6971956358725558
-0.7097385795544752
-0.745589422385036
-0.7814593787290391
-0.7210899761757504
-0.7455571193340403
-0.7500256668741325
-0.7700291327390664
-0.7782216463901237
-0.7551750640789382
-0.6984944305271669
-0.7471980853842395
-0.733963037161962
-0.7556136183650106
-0.7607476826977518
-0.7264873584696746
-0.7422536858714216
-0.7198918357336463
-0.7430857250605598
-0.7235354364814461
-0.7071830773333297
-0.7251450525542968
-0.8043696225364551
-0.8254027860482341
-0.738760803346755
-0.7686425121988626
-0.7845567245232631
-0.7728379218635764
-0.8393610713982036
-0.8121709549509555
-0.78561765838736
-0.7214930119627281
-0.7369282769444949
-0.7490031791332078
-0.7505204127246832
-0.727426300048137
-0.7260952010008641
-0.7346997908918448
-0.8027748609264465
-0.7371177624021213
-0.7499562391338049
-0.7358664832329922
-0.7517983603226099
-0.7540206718783263
-0.7536828236656105
-0.7551697447443199
-0.7564385421129599
-0.7437721125210164
-0.7708167381067099
-0.7493580735131484
-0.7314885010199157
-0.749203806933409
-0.7214138319951534
-0.7572838934956428
-0.7123165096594237
-0.7856051421022557
-0.7613683047883957
-0.7238145924450102
-0.7902627669593081
-0.7452515263846301
-0.7252877927652118
-0.7576186356443996
-0.7524618277780629
-0.7443479687110229
-0.7314361164764678
-0.7173169254778665
-0.7874598986623783
-0.7670969839345123
-0.7872491784576415
-0.7425516389328
-0.748982280893405
-0.7476915849624485
-0.7499712125157046
-0.7663670722397634
-0.7243934966761131
-0.7604568762988632
-0.7657296293318991
-0.7371689093271102
-0.7491719958951716
-0.7395727609504588
-0.7300769734635868
-0.7320409412317999
-0.7367984877908825
-0.7206459676493283
-0.7378463693682207
-0.7746791536343076
-0.7784128296961726
-0.8121961233816452
-0.7870751658063402
-0.7804693270537456
-0.7867460775886226
-0.7778639372863402
-0.7887813874413292
-0.7322020183026
-0.750977842631305
-0.76015340395302
-0.7448052774497211
-0.7583254990949049
-0.7723500437764802
-0.7286845913473756
-0.7664902040581844
-0.7258183490127685
-0.7803049179961006
-0.7753983896049673
-0.7917448623586908
-0.7528113658705645
-0.7625999349119499
-0.7350206821745501
-0.7713420148308283
-0.7756962710276304
-0.7520122761214653
-0.760572171486694
-0.7280490702525235
-0.7256669055590506
-0.7520700574707639
-0.7282360657776934
-0.7211880558645229
-0.754287605639723
-0.7445589968339942
-0.7221578246579629
-0.7456153979387542
-0.7403952919589002
-0.7476525929422239
-0.7933005994149955
-0.779102668759993
-0.7394672387133385
-0.7777559471122879
-0.7535975322166277
-0.7776454466522104
-0.7584536234809609
-0.7571089402875961
-0.7573473285667498
-0.7566329520120562
-0.7482567227713574
-0.7621914880765759
-0.7551092622278243
-0.800200296656169
-0.7850228418763574
-0.7958875609489469
-0.7417571736075501
-0.7785145944338862
-0.7476476619569101
-0.7880315695244148
-0.7779555972198141
-0.7428958186794352
-0.739033977446599
-0.7662891589056178
-0.7468012512015244
-0.7382585042314458
-0.7587137958541864
-0.7614236693008251
-0.7319761359929856
-0.7288125530814044
-0.7520581446336539
-0.7143474538840532
-0.7504973837815943
-0.742188972266197
-0.7375649606411725
-0.7256110176447448
-0.7149797070342586
-0.6987247914893334
-0.7149894682892596
-0.6907551317917477
-0.7478095876813631
-0.7415243365972916
-0.7385314084591992
-0.7463312346181036
-0.7081670200316863
-0.7009714500253001
-0.766306338644529
-0.7172391470300697
-0.7799242886286699
-0.7085009672070951
-0.7184172168444449
-0.7107645092326411
-0.7039645293625401
-0.7277670999947587
-0.7077925570861691
-0.7005775683260134
-0.7650804689309667
-0.7794671881125065
-0.7148480026163602
-0.7586679931106005
-0.7392986292000383
-0.760640297154058
-0.7115292770850757
-0.7622583386816364
-0.704921005943553
-0.734822803232339
-0.704316574532032
-0.7247077414806946
-0.7369255712670092
-0.8241070723094096
-0.7951617586388781
-0.7960403969116083
-0.7860563005029301
-0.7960703637281028
-0.7716602153840121
-0.7792243119076039
-0.7603624401272404
-0.7735532128024651
-0.7505652328313716
-0.7387761803977654
-0.7522541749035863
-0.7572570315522332
-0.7221525759793922
-0.7390457183158664
-0.7287082309123186
-0.7465158588911204
-0.7899638462829819
-0.7673268125547511
-0.7579526979661582
-0.7524177688228614
-0.7975954085750868
-0.7101531886699007
-0.7636299939597387
-0.7734490400667035
-0.7576237562922303
-0.7491141690474218
-0.8094118264700499
-0.7579313487377216
-0.7993652406391356
-0.7649131895341794
-0.7480619435801206
-0.77250179450472
-0.7622346529792764
-0.7595308173406204
-0.7317384164305287
-0.7620654284384639
-0.718425196170658
-0.7156524017360361
-0.6598917206732925
-0.6624208589584654
-0.7346998812140692
-0.680440920301171
-0.6872757077272974
-0.7071122830791707
-0.6654478844989256
-0.7087177638359629
-0.7416293832990017
-0.732481074616267
-0.7314574716883494
-0.732363904515924
-0.6864178534671165
-0.7105658624946481
-0.7075797852780656
-0.7205295163045106
-0.7660956539403273
-0.7473611871167458
-0.7735766940104124
-0.7439439773378794
-0.7385270727772444
-0.7327858904278914
-0.7681618486113624
-0.7492888857606615
-0.7678476219597269
-0.75446825279725
-0.7605420518387974
-0.7868077024466598
-0.7374270954114588
-0.7478078502709306
-0.7403750743670134
-0.7364804368600085
-0.7163815858922444
-0.7438178902932021
-0.7393874314553587
-0.7440998293636483
-0.7411902657658902
-0.7383026215270717
-0.7494121398783601
-0.7869950087410136
-0.7331163134816676
-0.7161926510430719
-0.7378438049839932
-0.7911205835207158
-0.7658401083666244
-0.7304248624438701
-0.7660031149877597
-0.7818322974175779
-0.7056422924608519
-0.7329478228351978
-0.7343082497416765
-0.7777849016730715
-0.7801544586027316
-0.7026717525172208
-0.7303916614276491
-0.6964123854131948
-0.755128320358731
-0.7338219140520957
-0.7471184973764221
-0.7216272085677803
-0.757597701699824
-0.7590538169999385
-0.7755645827683305
-0.7527671925001542
-0.7663163098943252
-0.7704004821588528
-0.8147506847754817
-0.7363254857423747
-0.7284141345451403
-0.7090100532870957
-0.7548179076898567
-0.8094668463350045
-0.7958644887168252
-0.7914217506266272
-0.7608424302026845
-0.7752920653140043
-0.7941884208884786
-0.8182860972603918
-0.8108423282022991
-0.7906443680808427
-0.8236621598926475
-0.7600535289763054
-0.7486191545416883
-0.7464980953672812
-0.7418209714744284
-0.7362530999537653
-0.7519625483080699
-0.745113592042826
-0.7571300259657928
-0.7450107136690447
-0.7769998743128227
-0.7545690460484816
-0.7465612424733666
-0.713128462585041
-0.769600965423786
-0.7928395520914246
-0.7616258523651762
-0.7497049631158134
-0.7611869494283617
-0.7689858944963159
-0.7720241723088259
-0.766928718706324
-0.7355638842058563
-0.7405975396702043
-0.7359034820275951
-0.7800334097005346
-0.7810050700368952
-0.773334196415152
-0.7597670312768356
-0.769937639107741
-0.7405616457662126
-0.7614502296926597
-0.7484294282662781
-0.7491525949890767
-0.7516518139424209
-0.732859500127334
-0.7591536779403119
-0.7397958307673097
-0.7877332335876488
-0.7603980721893621
-0.7640995630741505
-0.7712918486097946
-0.692350525844719
-0.7428534359051077
-0.7561127268781972
-0.7008624492536695
-0.7016526883721466
-0.7058761202002535
-0.7403035888957429
-0.7548976337644415
-0.706569637414303
-0.7099342984635765
-0.6761875055052614
-0.6697192093755624
-0.7599804559171847
-0.7412212324395477
-0.7374824204052471
-0.7828464409380825
-0.7552474257334931
-0.7488697894177868
-0.7889486943134493
-0.7468707593081373
-0.7736033871473559
-0.7152476888248749
-0.7231461745690596
-0.7900694622088914
-0.7727816917298035
-0.7319096878709154
-0.6943343155290104
-0.7071625948955658
-0.7568412513857158
-0.7896175486044255
-0.722738556745997
-0.7472427017024925
-0.7600169292953549
-0.7786716191628195
-0.7388369259465856
-0.7577357082949896
-0.7587906048646622
-0.7376411309844062
-0.7397229325792876
-0.7666915779569282
-0.72042601901792
-0.7564970031701583
-0.770810160087991
-0.7573920329943471
-0.7716897259620036
-0.7753269176712226
-0.7867052690825905
-0.7691245357897912
-0.7655334012887409
-0.7720336530616225
-0.7444404476428469
-0.7350966230242683
-0.7558629023306511
-0.7500872177729104
-0.7428971319807046
-0.7253371732829988
-0.7636562181059772
-0.7347093848587042
-0.7514173923779831
-0.7620958951352054
-0.7603499425748141
-0.7449255285527443
-0.7567708703970781
-0.8015392089285036
-0.7447886881209403
-0.7507409538805505
-0.7559019582663543
-0.7607368213878442
-0.7402390636372056
-0.741880971785041
-0.7750819617373755
-0.771762924927449
-0.7450807813301698
-0.7718413193564122
-0.7554509576589542
-0.7636154538200712
-0.7719823837338406
-0.746858240339248
-0.7386497306758045
-0.4216455889398832
-0.4371970568529491
-0.4478384484285052
-0.4091363198579168
-0.4162070052060522
-0.4139311290828586
-0.4576910877742404
-0.4269416398387512
-0.418429473220337
-0.4293203638598921
-0.425992434954021
-0.4764686743944094
-0.4524429559131223
-0.3908175321071593
-0.395826993019945
-0.4583595224582865
-0.5037410201708585
-0.4266494260291667
-0.4636457266545663
-0.46390496080847
-0.5032601246253838
-0.4570417886765004
-0.4668141938646044
-0.4583707542252088
-0.4489056507987479
-0.4244074190107027
-0.482455879565884
-0.4411304568885368
-0.4770620944472297
-0.444923560827174
-0.4831263575744236
-0.4772216209753366
-0.4522490183597092
-0.461175931869993
-0.3978972889269191
-0.3781687773158284
-0.4162843056686273
-0.3831356002323992
-0.3851705682163677
-0.4070299056677154
-0.4270990908516154
-0.4772224564434639
-0.3712817547627812
-0.4165639398910502
-0.4536066607634783
-0.4789986910406674
-0.3867905717661501
-0.4621135494170119
-0.4352482878850906
-0.4474604584990418
-0.4731757627555321
-0.504361433731513
-0.4425897560638631
-0.4301317119140458
-0.4140998788227108
-0.4633306622222996
-0.4128309978381812
-0.436448312453828
-0.4068362343783112
-0.4543430624512509
-0.4022706531214491
-0.3918348643490835
-0.4516767693882875
-0.5123470377715176
-0.4802777405277852
-0.4619667844974948
-0.4733169694528957
-0.4287430031050821
-0.4651067879650128
-0.4314279589656104
-0.4625050142544805
-0.4493386429257261
-0.4248067948490233
-0.4043638963995412
-0.4067875465190077
-0.4372495290537785
-0.3934277972467617
-0.4193395641366793
-0.4077158318428017
-0.4281337485158999
-0.4444803949286888
-0.4305064048964092
-0.4025945184658268
-0.4143844732193803
-0.4095820245510259
-0.4055369159260565
-0.4479340616017382
-0.4069528894214193
-0.4729250538379862
-0.4447430397006072
-0.4150510962256464
-0.4482345920834775
-0.4508675729799496
-0.4163521215269749
-0.4314587837813979
-0.4551002343229364
-0.4551530392006941
-0.4304007904269686
-0.5326422686801172
-0.4226457426964358
-0.4269906717935371
-0.452285536994441
-0.4591775049288485
-0.4879842836293838
-0.4341152228366895
-0.4055827194352495
-0.4595819903428519
-0.4136450179550247
-0.3887690419069722
-0.4154609068568751
-0.432753646569797
-0.3920094198879703
-0.4252858626861362
-0.4472275346077398
-0.3595860035919982
-0.4317687818729067
-0.4228220753081385
-0.4570740169227425
-0.4357527509871355
-0.4190778067770607
-0.4363708631326126
-0.4114699692776214
-0.4267852869619337
-0.4061489063226185
-0.3524845978305663
-0.4417504674431372
-0.401045144758193
-0.4660004801699651
-0.4151917158805258
-0.4652420629032283
-0.4732821087008181
-0.4182579829158765
-0.4573043563572429
-0.4453314519248324
-0.4303428717471653
-0.4500971713234324
-0.4371298100851934
-0.4615651519426259
-0.3848230875705794
-0.4077194242714259
-0.4486085604333273
-0.4233582674082877
-0.406486292644889
-0.4065045756033345
-0.4366962091092669
-0.4130323552764966
-0.4388405089963286
-0.4487528709715394
-0.3668027722929722
-0.4448210509549369
-0.3899586554112137
-0.4042474690267747
-0.4394195198108624
-0.4200472179296939
-0.414106963527026
-0.4418128402501879
-0.4296033535240198
-0.4264941996174416
-0.4452995480296156
-0.462310731230928
-0.4132232514766185
-0.4577721727778538
-0.4700194795342027
-0.4941685760548504
-0.4394526221180567
-0.4375325746590055
-0.4934909864787785
-0.4457237490910425
-0.4017913063886825
-0.4540629019534401
-0.4018429844228217
-0.4314159586349063
-0.4042703347822439
-0.4311709672766047
-0.4734975954010033
-0.4226771323913006
-0.4668533722092649
-0.4617489733143179
-0.3900643898493918
-0.4038332949139613
-0.4104818011118992
-0.4474903346893418
-0.4445076298177901
-0.3952056118428882
-0.4473761540670455
-0.4464003631860095
-0.4444846219927861
-0.4095338897306653
-0.4241857065237821
-0.4025201662302432
-0.4023277981981138
-0.4214485218680372
-0.4202652966319527
-0.4280686678082852
-0.4029407814949021
-0.428213760257847
-0.4060229093666165
-0.4231693678003694
-0.3447222056988811
-0.4929364615941358
-0.4586620151318169
-0.4744808565426641
-0.5106432905706618
-0.482241143082066
-0.5421324622174333
-0.449757439989951
-0.46470276174775
-0.5040005003942392
-0.4356486447857729
-0.4565589933584382
-0.4428549790460223
-0.4478903075254576
-0.4492957066400249
-0.4274139930888591
-0.4580875045357771
-0.4133949293769742
-0.4148976860489218
-0.4323707999083657
-0.4521809299961853
-0.426944763093214
-0.432199332098873
-0.4485686265166439
-0.4571106052012214
-0.43858793583124
-0.4315405810384447
-0.4285280043369325
-0.4432195967619988
-0.4053892783420972
-0.4240059877646776
-0.4644905837038881
-0.419539329393281
-0.4499705974474525
-0.4388202115944037
-0.4179153874114964
-0.4337444198545816
-0.4379717474868433
-0.4310617149646996
-0.4243227284893963
-0.4213143217998484
-0.440442987184767
-0.4235965381016236
-0.4182090340685367
-0.4012638306174243
-0.4079975517193113
-0.4396883639604191
-0.4498943556979607
-0.4245097890993246
-0.4167241491189279
-0.4356744753025276
-0.4536917253522232
-0.4157731558419026
-0.4217477130215352
-0.4253287098637832
-0.4193590132803234
-0.4834033125267019
-0.3848152966747811
-0.4439739777363112
-0.4094456256677211
-0.4434889941601156
-0.4487660059423438
-0.4045265537540338
-0.3976682515773645
-0.4155411023209989
-0.4138336150165298
-0.4370502767749209
-0.4781050365040556
-0.3859876260239494
-0.4117580526787117
-0.4084671012052188
-0.4670694521096266
-0.3840739598262351
-0.4063533389194508
-0.4606405529394568
-0.4594893481859176
-0.387975478142504
-0.4123101220727839
-0.4042784876934293
-0.4392392619359031
-0.4574991569878546
-0.4041743322363838
-0.4179652715107292
-0.4261914961735873
-0.4662467534131197
-0.4115446066665809
-0.4076845913584094
-0.4361372204768713
-0.409294911484036
-0.3958763726373958
-0.3906588930963945
-0.4516231145136745
-0.441677586997622
-0.484250904612302
-0.4103755267546801
-0.4272450624937126
-0.4118304888706299
-0.4106953249030875
-0.3639117268478064
-0.4383134052442122
-0.4210122293286243
-0.4565228844611416
-0.4026291412304756
-0.4376117908383308
-0.4600321500309604
-0.4255961234907323
-0.4407737785375046
-0.4360717676564387
-0.4341716459437297
-0.4416969814430379
-0.4138080636816974
-0.4598742140324027
-0.4477254322629901
-0.4773158350190884
-0.4465408761543675
-0.3972460673142355
-0.4785060167315371
-0.4237432498428731
-0.4783323820295103
-0.4439646129561939
-0.4845176565728269
-0.4712071843052661
-0.4299405422468566
-0.4255879922996926
-0.4258315712376036
-0.4471039030125262
-0.4412432411285773
-0.4323502904381024
-0.4019072773398647
-0.3856761566722361
-0.4135315067063806
-0.4532061106079098
-0.4416258706624571
-0.4296663707996981
-0.4565340007459213
-0.4381299783451417
-0.4409540441846074
-0.4498574290148222
-0.4355613167862871
-0.4374235024460038
-0.3880674951602975
-0.4083773295683747
-0.4293071326214284
-0.4196561364960126
-0.4093330762527491
-0.4161210377065357
-0.4359649280106052
-0.4157047438216357
-0.3873161862352102
-0.4215457352649574
-0.4201857521137826
-0.4194169367889756
-0.4294600734758104
-0.4259340665255306
-0.3982173578622569
-0.4475191532176549
-0.454673268781749
-0.4153361348485002
-0.480161079541818
-0.4146569036966913
-0.4556917448553622
-0.4344702947431111
-0.4136869462011949
-0.4063452084587518
-0.4172212772762711
-0.4428479722437514
-0.4018040161244889
-0.4252718303465813
-0.3939522470144273
-0.3822632951077877
-0.4138337437272425
-0.4582716466992152
-0.4195262439589977
-0.4262119703851897
-0.4198605411832506
-0.4851157191086609
-0.4167410425931591
-0.4811551510949165
-0.4616160889473913
-0.4755683957919081
-0.4442603542517397
-0.4024957032462654
-0.3932358360372206
-0.416215264063202
-0.4151508948707501
-0.4482112439866733
-0.4110044337140182
-0.4277873021109296
-0.4285451753921606
-0.4540342180974147
-0.4596883663043697
-0.4580535264823136
-0.4240646751539137
-0.4262942183099668
-0.46509748675276
-0.4558668869854975
-0.4500954648053876
-0.4132932782340349
-0.4303065444362364
-0.4302319118658196
-0.4348191307772521
-0.4273692369872925
-0.4547935992452455
-0.4419537076470882
-0.444321639866482
-0.4534263786035209
-0.4349568775321813
-0.41200485790999
-0.4153951581416361
-0.4621805884499356
-0.4108165551052205
-0.4617184944164998
-0.3889911178793617
-0.4308754755747827
-0.4238922618364827
-0.458142394531136
-0.439565856925817
-0.4365204062022351
-0.4494437995200349
-0.4294941660482948
-0.39255757272758
-0.4312739401768743
-0.4293755713888222
-0.4294596125008784
-0.4345183822099433
-0.4469822047764264
-0.4775705275809453
-0.4546732517690362
-0.4866110244536738
-0.4175811862742362
-0.446529264305664
-0.4436648375755236
-0.4646118233435647
-0.4342612909672028
-0.4255557627266751
-0.4461757393047961
-0.4309817570826477
-0.3888822068639426
-0.4147101371691466
-0.40770211518281
-0.4673625728699328
-0.4496179313747909
-0.4704244728851239
-0.4021281538168197
-0.4671155403734271
-0.4005149048182051
-0.3828576363370814
-0.424020009985723
-0.4488985266383911
-0.4509981553194562
-0.4611238952722527
-0.4285944868847652
-0.4492455841447207
-0.4035400857021684
-0.3980439369604925
-0.3590280517713729
-0.3599527178386979
-0.4127167498319231
-0.3732082218136915
-0.4133435139177088
-0.4243952130249032
-0.3974906570066437
-0.4484344184271703
-0.4644127438064852
-0.4481936952861293
-0.4230208468158397
-0.4311849559675621
-0.3453587858799171
-0.4600711480344985
-0.4765103109601743
-0.3971720075384233
-0.4486881267397879
-0.4038083566665623
-0.4320457253466119
-0.4508867907205045
-0.5045980917169672
-0.4498755453724776
-0.4404925650808955
-0.4584404510047005
-0.4463541598169016
-0.4322006893123984
-0.4424498239704766
-0.434421038142053
-0.411014244992609
-0.3451763229837984
-0.416711353844114
-0.4423216043537775
-0.4373760472131266
-0.4411694918317595
-0.4516561400988797
-0.3781298139063462
-0.4021582821085257
-0.3909562096914432
-0.3548107060844846
-0.4051044726025499
-0.4438649874375537
-0.4910059397082711
-0.4321000490814706
-0.3978084505617889
-0.3870805605333377
-0.4538733240206039
-0.4557026691864285
-0.4612824963002272
-0.4501080337744437
-0.4395117655484103
-0.4232860993596406
-0.4086497372423678
-0.4192515462019022
-0.3802819834901952
-0.3988166195138071
-0.4372237470805088
-0.4125424263626807
-0.4301513621701204
-0.4405926544572228
-0.4326690434102588
-0.4512558964845454
-0.4375896276534479
-0.4412238420504855
-0.4360829147722242
-0.4108453344052885
-0.3947941413767517
-0.3846684042697318
-0.4243741726179696
-0.4478945884380434
-0.4066169567362241
-0.3928589483054336
-0.4310905426330081
-0.4125746228450751
-0.3984462335216578
-0.4316728456059428
-0.4197926437631456
-0.4050547730812207
-0.479119997187351
-0.4111748535049982
-0.417471641863673
-0.4265368902571878
-0.387119640046802
-0.4232428579291462
-0.3963219235966878
-0.4482723908733094
-0.379426521346979
-0.4524744032210838
-0.4004592949152316
-0.4680012765037042
-0.4082515093944873
-0.3717050557713103
-0.4159926508513727
-0.3814842885794104
-0.4182620605765608
-0.4198763063174096
-0.4272761389849725
-0.4402925781694385
-0.4511496478752631
-0.4452836300125846
-0.4789921916223624
-0.4225917742627928
-0.4416222588940378
-0.4823576591278871
-0.4209347752126893
-0.3964330510759189
-0.4239994042926221
-0.4554445085625154
-0.4032564440293256
-0.4614190265831135
-0.4117531246309021
-0.4645187471625416
-0.3495908251089558
-0.4314417929769164
-0.4456703971707578
-0.4455608299488739
-0.4230736526738194
-0.4389551173568904
-0.471951048830114
-0.4585325581836566
-0.43102940863405
-0.4321871895032272
-0.4323968737812978
-0.4711916577829657
-0.4119157794230043
-0.4445600579493376
-0.4018319450288937
-0.429119224997578
-0.4497103613735864
-0.4039341756032727
-0.476806730971348
-0.448774733680917
-0.3638207022774588
-0.3836955653600346
-0.3849247738461686
-0.4752771016385605
-0.4561797977852819
-0.4183124325837803
-0.4667911649715844
-0.425439712430792
-0.420816402936235
-0.4265764389817123
-0.4797897548153223
-0.456991469144037
-0.4396529165628684
-0.4611667333428473
-0.4566018846249557
-0.4291421220983181
-0.4606443955762216
-0.4636673065981292
-0.4285055228642035
-0.4286558611488471
-0.4190095573889952
-0.521663317759262
-0.4024545312016948
-0.4054896192696064
-0.3827222145672492
-0.4249432273543384
-0.4466785286943744
-0.4670680318054953
-0.430336222046588
-0.4121267429326145
-0.3926946209158572
-0.4026026005212324
-0.4386501689867588
-0.4531144524237692
-0.445343930552608
-0.4397352002661457
-0.4506815296707951
-0.4115372275901575
-0.4032873609460163
-0.4600019135255225
-0.3851740512101202
-0.4607509082367375
-0.4359231574742184
-0.4294727985624272
-0.4104033599056397
-0.4245441796645703
-0.4213662645640458
-0.4367828821673237
-0.4270267235560267
-0.4541045205005639
-0.4539719973818758
-0.4499270655541668
-0.4370060166502524
-0.5034039182381258
-0.4366563464972725
-0.4578453275184443
-0.4094609869884875
-0.4115802537300078
-0.3931327397981119
-0.4170632579646366
-0.4314063059799174
-0.4576460986028135
-0.4248089427179841
-0.4316157977729335
-0.4321285218558071
-0.4493369193089756
-0.4484536728144636
-0.4587329420216636
-0.4666781726213929
-0.4035233051600502
-0.4634317357313713
-0.410981651459763
-0.4807008054801369
-0.4419516408851882
-0.4657465729733924
-0.438142373603665
-0.3954079339408601
-0.4978600605911799
-0.3514957610407528
-0.4730487823582176
-0.4238170556542684
-0.4639625367519613
-0.4162101028845367
-0.402061860403743
-0.4396508741234123
-0.4176439061742489
-0.482915322907658
-0.4161177298007941
-0.458460501833575
-0.4738681256607895
-0.3970465738261952
-0.4299280900673958
-0.4015958576644603
-0.4360736813154981
-0.4439236812266416
-0.4072026624173847
-0.3971305495786689
-0.4060885431507303
-0.4242260436836068
-0.4206738076961701
-0.407396740774822
-0.4626180871785256
-0.3982426101301117
-0.4460873925159108
-0.4642191785419904
-0.4500051784297559
-0.4246817529866385
-0.464455003940809
-0.4840962923435322
-0.4288548631323615
-0.443973433263717
-0.4425450922888193
-0.4617667452410205
-0.4419995577328777
-0.4363666973934099
-0.4348822007323886
-0.4353225561645252
-0.444980531382927
-0.4141783225985098
-0.4133226518523187
-0.4366406810657684
-0.456804986300863
-0.4667209984831693
-0.4190004338966228
-0.424629321660012
-0.46031601903415
-0.4120047590752187
-0.4861705710288473
-0.4129470867127883
-0.4079371532032682
-0.4601283186901562
-0.442938726537714
-0.4199146765316468
-0.3871207064369387
-0.4627188263932732
-0.420205161361794
-0.4146617312212749
-0.4076135172716797
-0.4147910712885723
-0.4499242556709314
-0.4203615309254116
-0.4130251845345576
-0.4402241892181373
-0.4464523347368579
-0.4090966229813391
-0.4220591575080092
-0.4142433241395808
-0.4292553724939621
-0.436261458768693
-0.4125016668359325
-0.4021419704431735
-0.4069875220305267
-0.416964137469392
-0.4797923730630884
-0.3990696776089678
-0.4316719669330226
-0.3927513790743781
-0.435026671008048
-0.3997560854572748
-0.4200507515057515
-0.4354467828472934
-0.3813179942225118
-0.409885178959147
-0.4455294088133076
-0.4033298596336374
-0.4055803698564079
-0.4303138291197974
-0.3978097182116798
-0.3999969674080349
-0.4101448048451615
-0.3872485070093488
-0.4102164831240643
-0.4387848506486439
-0.4307272136528902
-0.3859649799289036
-0.4350741246803677
-0.4720804771907134
-0.4173680966462233
-0.4648092024166083
-0.4593836308427483
-0.4629947098841193
-0.4381677281269106
-0.4688248179530048
-0.4022089822304881
-0.3885549758241018
-0.4668972342177431
-0.483925294044501
-0.4728418587348381
-0.4248965328473726
-0.4180863927227233
-0.3570511234799231
-0.3733481046337648
-0.4336101866774748
-0.5183801156421683
-0.4025189313859502
-0.4455248597031115
-0.4281261926854431
-0.4629703081384838
-0.4920506553104811
-0.4667836661430142
-0.4203958075578666
-0.4676454502485405
-0.4189963228949855
-0.4868673811619023
-0.4086883424536642
-0.4649717301491134
-0.4569979385957643
-0.4594638742073288
-0.4583964597478295
-0.5154784078913329
-0.463980929864674
-0.4487581263793922
-0.3810264439074653
-0.4306274581872239
-0.4138200525503631
-0.4777667865203905
-0.3933568934834254
-0.3815871531724961
-0.4401722581023473
-0.500288925296145
-0.4067478023533984
-0.4077535892905215
-0.4119764930897354
-0.4591108315832835
-0.4172073519033287
-0.4305435621913333
-0.4388778098373004
-0.4804659160097796
-0.4247429000640405
-0.4104518839458335
-0.4416619640946775
-0.4032666466116855
-0.4471163897785395
-0.4625871611495479
-0.4645322133880196
-0.4224537663525326
-0.4061616831600751
-0.408498705742933
-0.3863178982582644
-0.4277464268307913
-0.4117606488603088
-0.438175510661199
-0.4260957987136215
-0.4007651422196891
-0.4295653543228572
-0.4305094861740432
-0.4331733729216117
-0.4183518734184654
-0.4073681160492553
-0.5903654730470103
-0.4306705444288477
-0.4118233769872647
-0.4071710558739403
-0.4305839437396462
-0.3989774949658431
-0.4169755439904991
-0.4403260675165619
-0.4129624925095901
-0.3907214196135934
-0.4173077025473814
-0.4337993645042519
-0.4051287392349258
-0.4288334506072872
-0.4500056510994461
-0.459816353938706
-0.4286307807571973
-0.4224104036135684
-0.4647136077433767
-0.4843229244653924
-0.4458623072627662
-0.4000276998547964
-0.4625122303367109
-0.4282301462126429
-0.4101524885192019
-0.4191242345513089
-0.4252685686217449
-0.4411589359701781
-0.4323884170889645
-0.4342315289541218
-0.3661525998278964
-0.3848974667410833
-0.4493501242727807
-0.4763682586532782
-0.4851817878031408
-0.4786337041900052
-0.4465289562177663
-0.408246271401037
-0.4641391799434972
-0.4055421551008748
-0.4522732474735422
-0.4669325358533367
-0.4288729417828011
-0.4477147322185072
-0.4244567352238521
-0.383260003116616
-0.3912676417888573
-0.410514594945386
-0.4093349781374388
-0.4298592662449922
-0.3939942655437572
-0.3886046706512954
-0.4313103055449179
-0.4338854944857319
-0.4397013479220581
-0.4300791758603352
-0.4158406320282031
-0.399061663510219
-0.384713551008849
-0.4118366011622747
-0.429201665575109
-0.4344301130712477
-0.3914352511636385
-0.4387202688946319
-0.4460276213429024
-0.4269998931380189
-0.4416446315588197
-0.4798584875874405
-0.4753485767433747
-0.4153307444593694
-0.4000289657933374
-0.3954386097968979
-0.4264811490067079
-0.452697344186917
-0.4781277600776265
-0.4466674908580672
-0.4106173417247826
-0.4454848006929396
-0.4284461783435521
-0.4432455337618156
-0.4053477184082672
-0.3913903054959532
-0.4601383048837831
-0.4081412197601126
-0.4704878232293649
-0.4366154345555882
-0.4414731074153372
-0.4495291325605667
-0.4347990667589923
-0.4064760573735646
-0.4600167864461312
-0.4630029143157054
-0.4176167423563369
-0.4364960370224065
-0.4447026711706245
-0.4425933102922362
-0.4316015451629078
-0.4176496818212018
-0.4245516063987568
-0.4100192883666442
-0.3904748921046437
-0.4505456012001592
-0.4498827615552334
-0.424804020096046
-0.4117235847630764
-0.4709664469902596
-0.422499075278253
-0.4551554308502933
-0.4207574995120851
-0.4292821901298
-0.4508937537479367
-0.4287887235961058
-0.4520641484352291
-0.4517360850935284
-0.416794033800114
-0.4673181140971708
-0.4335123135763668
-0.4644973350363008
-0.4120733996781683
-0.4030127215173316
-0.4037727398925923
-0.4292196936415623
-0.4022177666732895
-0.4029554194105758
-0.4162074744841261
-0.4325939033215827
-0.4555494158211559
-0.3997364467611624
-0.4478699089787685
-0.3756537090956434
-0.4343551739496795
-0.3878013945487606
-0.4176213475471467
-0.4277492600445287
-0.4222457141458177
-0.4038461797029314
-0.469039125654919
-0.3899340642175355
-0.4225386424905446
-0.4353957976906966
-0.4561364991100716
-0.4336752444427506
-0.4709744661909627
-0.491790783050753
-0.4682275257594189
-0.411871990161707
-0.4246683190425955
-0.4186699947488439
-0.4101784417337898
-0.3993475843555504
-0.3926719324849969
-0.3742672269386438
-0.4341024288876932
-0.4575051408833302
-0.4859756085870681
-0.4241392057809967
-0.4395405361054864
-0.4445882598246879
-0.4537256776290889
-0.4012915082023382
-0.4752410268862796
-0.4194823965439362
-0.4394141807459973
-0.452281150107421
-0.4003292589527133
-0.46775435193103
-0.4398144366139721
-0.4453868669910472
-0.4814209040106805
-0.412076444446986
-0.4704686331988336
-0.4546355934718443
-0.5003852414953135
-0.4347294330310522
-0.463661310699001
-0.383243983909872
-0.4310039642419941
-0.3724967302391677
-0.3971201045731543
-0.3765106905864715
-0.460883049930246
-0.3630620736972207
-0.3557600805009641
-0.3980527684803457
-0.4168474559898534
-0.3981218608367244
-0.3966877530168073
-0.3873579922734758
-0.4248104233491334
-0.3895194229907558
-0.4482010873179283
-0.4187937419393883
-0.4378739826072567
-0.4579768978401602
-0.4042653043718375
-0.4443358155637143
-0.3901919521166966
-0.367466385569877
-0.4251380408707467
-0.4163481561302541
-0.3778839048893579
-0.4668887341247902
-0.4214480469698514
-0.425173218035854
-0.4276650258782681
-0.3660858144986403
-0.4387585407752989
-0.4515340125263422
-0.4173632061173527
-0.4481942675420994
-0.4762765120248849
-0.3952373849922661
-0.4188655479747097
-0.4736590396831723
-0.4329268340594943
-0.4386225960742016
-0.4549832207605772
-0.4222411122590559
-0.4450329793079528
-0.3969976187388228
-0.3965367835906268
-0.4143858236556873
-0.4103016629360202
-0.5017014108890705
-0.4554556161509543
-0.4673644598051247
-0.4420148025243708
-0.4274150728967196
-0.4546730793950917
-0.4470215908612593
-0.4207152400391419
-0.4430205140351386
-0.4195789887899309
-0.4254913624076144
-0.4032808365171018
-0.4500555131497
-0.4372297970554646
-0.4148864363522441
-0.4267248257466461
-0.4378285756879897
-0.4256220457490187
-0.4372993602268733
-0.4094989453313058
-0.424988517416943
-0.4210694019652419
-0.4004377896964391
-0.4492021522006673
-0.4270356929221596
-0.460199821405965
-0.4448860811435056
-0.4053339211201114
-0.3634491136974978
-0.4464678362177691
-0.3926915150484918
-0.3938602129722141
-0.4917554117218066
-0.4633196756722368
-0.4301739913540378
-0.5027877377411448
-0.4331776934789657
-0.4366304738849845
-0.4340025604435143
-0.4608678424729262
-0.4593986798300347
-0.4426358236411427
-0.4621571903258919
-0.4749932591738886
-0.4165196594434888
-0.4795416507957932
-0.4509424115954109
-0.466463938225452
-0.4819398745685775
-0.4888971244907272
-0.4649110091378439
-0.4254709002660547
-0.4448320320516189
-0.4436471833338479
-0.4055086473681582
-0.3679544983632547
-0.4280255326030318
-0.4387588812896978
-0.4624052886191503
-0.3924502890314302
-0.4232578584582322
-0.4589515740438175
-0.3733360242066837
-0.4039552778467461
-0.43034588374855
-0.4368615210328393
-0.4319747749265043
-0.404907405057845
-0.373760813079402
-0.4543905056745123
-0.3745458013204233
-0.3494322743088868
-0.4436075509724736
-0.435382615648851
-0.4224647905960409
-0.4944259538526836
-0.4823246278268362
-0.4194997557727908
-0.4620240816509716
-0.4716611596439552
-0.4220355503093419
-0.4575862152643531
-0.4309624361378652
-0.3994155571654846
-0.4295430551639022
-0.4354921623086463
-0.4148517008237277
-0.4203850846851559
-0.4618613226638947
-0.3853892280846527
-0.4439851050419246
-0.4228581159692306
-0.4069058129708646
-0.4416194672368214
-0.4037156155086373
-0.42792004590825
-0.4387298812421939
-0.4372859105151206
-0.4576518904052781
-0.4175530283897877
-0.4498824502919082
-0.4352918194064004
-0.4086084319663137
-0.4609852016137748
-0.4407823478557709
-0.4575319248541189
-0.4035866810125956
-0.4549941931172535
-0.4679144553044665
-0.4863963421747647
-0.409406559807898
-0.4320474785310353
-0.4008687018265157
-0.4234293001526273
-0.4258658532115805
-0.4172698742123958
-0.4399900866411422
-0.4347738735208481
-0.4381729957353627
-0.4171476838181792
-0.4402601831212033
-0.4026092502982634
-0.4072637094718476
-0.4468398548506747
-0.4434641643233503
-0.415138421441601
-0.4280779467851364
-0.3655617155807913
-0.4490340005932007
-0.4187841940858458
-0.3805566268814486
-0.4284497850983445
-0.357253393567346
-0.4127745765470581
-0.4434412714561182
-0.4265737565388757
-0.3412604101875603
-0.4826481960239516
-0.435807358861474
-0.4510794564860656
-0.4532654751545314
-0.4187153776329793
-0.4102173064832439
-0.3876244563775558
-0.4165159974596853
-0.415900537163153
-0.425808003344686
-0.4089837737409813
-0.4519634704616626
-0.426363021680095
-0.4327812036546597
-0.4202037833391957
-0.4203530269948999
-0.4335324615253199
-0.420607597469902
-0.4117505985470181
-0.3997583524096213
-0.4628191592889798
-0.4841098140884035
-0.4439225927671984
-0.4000653497591536
-0.4787284827259408
-0.4227751912166355
-0.3879623989065482
-0.4085256677050423
-0.4337161819517042
-0.4309426471538098
-0.4143706910099581
-0.4473958070399741
-0.4068580652201336
-0.4852059022163223
-0.4155435315058818
-0.4511446940417915
-0.4144203384322159
-0.4199254392082936
-0.4448632748744172
-0.4566796670581988
-0.4504582911288431
-0.4380386504466164
-0.4016315826299022
-0.4113929261575773
-0.4133142469413333
-0.3684460846136722
-0.4352552519533693
-0.3799807675304203
-0.4259333232185801
-0.3877360068664324
-0.4028520363096857
-0.4338157141271579
-0.4562062783776103
-0.3926230710756358
-0.4852484411001433
-0.3589632208631454
-0.4022411757231973
-0.3524786163272824
-0.4375688407618047
-0.4186925527461708
-0.4238030281651515
-0.3836232409949877
-0.4286314349091195
-0.4193709597537644
-0.3956041084012647
-0.4218208961120893
-0.4433526836558694
-0.4097223913234421
-0.3785663689385058
-0.4280276161183714
-0.4398850534045649
-0.4338109895899656
-0.4309182217318362
-0.3977085997406583
-0.4160543235918581
-0.4846728432519898
-0.4522319842689155
-0.4842864303700733
-0.4864399813514471
-0.4516553128943451
-0.4008169273650348
-0.4485952010137426
-0.4322254336029412
-0.4553973398858566
-0.4187760223492344
-0.4751879399597339
-0.4027736998778363
-0.4529058588202997
-0.4367954435521642
-0.4649970975597452
-0.3905831528829846
-0.4276724915062272
-0.4615370813979226
-0.4598217886915509
-0.4478300538278284
-0.4589797305731598
-0.4826944523552503
-0.4497866321486466
-0.4719069243474526
-0.4198164928782983
-0.4583176912556576
-0.4351137534715306
-0.4150909311982883
-0.4152645598843862
-0.4056993680343003
-0.5173119007860379
-0.4396560753802382
-0.4478309869653523
-0.424517803259038
-0.4285409385024836
-0.458331992443707
-0.4479046531107646
-0.4394147371345261
-0.4235862107752759
-0.4067237975487852
-0.4080541078758966
-0.4545471212760037
-0.4439266034644283
-0.4263323259633069
-0.4489655515601209
-0.4149064954607242
-0.4196838285179985
-0.4334810128980254
-0.4873864530449651
-0.4777015406082751
-0.4322607921105121
-0.3971967553613173
-0.4142156913557111
-0.4245720835336175
-0.3879705036149645
-0.4024153472377164
-0.4397336637826429
-0.4358353075338274
-0.4050083352792677
-0.4111218347898137
-0.390287610498448
-0.4272734593626849
-0.3959540903074373
-0.4323648660241542
-0.4393174349653826
-0.3754241810644177
-0.3960284282030671
-0.4350479874513861
-0.4005059135777634
-0.4079247876998247
-0.4024986558491309
-0.4178134512085316
-0.4133700370293489
-0.3928091838510129
-0.3852194599953563
-0.4197952430520064
-0.3807298474727029
-0.4386884853998213
-0.4392867806906711
-0.4038037228863694
-0.4172915863683955
-0.3867214384897682
-0.3880314187382219
-0.4085941935261403
-0.4118746218834375
-0.4263457108634284
-0.3984581025356585
-0.4080842941892309
-0.4222282152261975
-0.3938610304498366
-0.4505027762926845
-0.4334243591453621
-0.4012384942078485
-0.4192068776974266
-0.4028456844134574
-0.4250086856552859
-0.4377764937919173
-0.4518915016800743
-0.4236262389530959
-0.4352126792135519
-0.4126660337887788
-0.4715226064831464
-0.4774638237226709
-0.4095447984793832
-0.4106211930683925
-0.4285047132908167
-0.3939406679938147
-0.4267038239068799
-0.4157604144510956
-0.4447989114172716
-0.4894548719842863
-0.4879954340061628
-0.4672880895621124
-0.4614842364756602
-0.4863087856212596
-0.4723941759647864
-0.4473578278314469
-0.4467441858360208
-0.4657012149006379
-0.5120834455938202
-0.4563965191707866
-0.4255209920101056
-0.4315475677468306
-0.4354332121806564
-0.3859554321242595
-0.4632468876733524
-0.4653467257504027
-0.4517722589120407
-0.4106939892744536
-0.456532045086902
-0.4481105894299213
-0.4253162798722836
-0.3881398554532939
-0.451959980503814
-0.4060196063835546
-0.4339080637136781
-0.4041165081116855
-0.4052029678494202
-0.3996496718934585
-0.4302807315295291
-0.4288298277803655
-0.4071377061858397
-0.3701364870756605
-0.3940503167262992
-0.4127507461998823
-0.4105084718538595
-0.4107442683553282
-0.3912323372837642
-0.4122345890633005
-0.4069189079153029
-0.4493909197533773
-0.4328868030107055
-0.4852068127428371
-0.479646343151616
-0.441812501662995
-0.4541416767889334
-0.4128010282071558
-0.4552438660087971
-0.4567812173183479
-0.4505908665684812
-0.5259990885859773
-0.4327855387829354
-0.4571493425825048
-0.475813514528873
-0.4462953007254223
-0.4299250334612968
-0.4156713447205905
-0.4521498375765908
-0.4340422323630714
-0.4069682414971333
-0.419221896441794
-0.408402309286135
-0.3865825095832086
-0.4487631979464827
-0.4401131325681275
-0.4425692615269335
-0.4633210129377928
-0.4458547737441664
-0.5659297622891574
-0.4379287747182751
-0.4249893064595907
-0.4535381089510782
-0.440094376005003
-0.4294547263790472
-0.4246354983296374
-0.4615833331241465
-0.4416752031152641
-0.4045612611223385
-0.3984801754665813
-0.4225436764933097
-0.4083123399229114
-0.4059368845663837
-0.4111593005675119
-0.446783542494333
-0.3836954498092575
-0.4123584779033519
-0.4222630859379813
-0.4230852454915536
-0.4168910625899717
-0.4238359461664155
-0.418803434300611
-0.4028781739179824
-0.4325657003931484
-0.3971502210085762
-0.4607059702100796
-0.4266899936868048
-0.4064832618898315
-0.435819280611646
-0.3899460562731612
-0.437596957296399
-0.4379906185628558
-0.481961319741261
-0.4117574925086794
-0.5828758837333844
-0.3846025921135655
-0.42744633423543
-0.3447626626479099
-0.4205627065999059
-0.4322490597352375
-0.4646096800391228
-0.4236868138602851
-0.4375419775653769
-0.44011386952553
-0.4066363742936401
-0.426785070899416
-0.4170213647762573
-0.4526341564790629
-0.4363493535354456
-0.4757713834896357
-0.3579389516332528
-0.4118141084935383
-0.4221037343076765
-0.4870610959309978
-0.4427033656785647
-0.4741414032481561
-0.6021715975982447
-0.4482292285499754
-0.4855970872841019
-0.4513283972118266
-0.4263521095395901
